T_m = 50;
V_f = 2000;
D_p =0.2;
J = 0.1;
R_s = 0.2;
R_l = 2000;
R_f = 0.02;
M_f = 0.5e-2;
L_f = 1e-2;
L_s = 1e-2;

R_g = 0.02;
L_g = 1e-3;