
Ls = 4.4*10^-3;
wg =  60*2*pi; 
J = 0.2; % 
Rs = 0.05;

Dp = 1.7; 

mif = 1.05; 

Pm =  50000;
V = 200;

Dwg = 5;

T = 1; 